32.70, 1663675502492
32.20, 1663675504521
31.90, 1663675506525
31.60, 1663675508539
31.80, 1663675510549
32.90, 1663675512571
32.90, 1663675514610
32.90, 1663675516613
32.90, 1663675518655
32.90, 1663675520660
32.90, 1663675522661
32.90, 1663675524667
32.90, 1663675526680
32.90, 1663675528685
32.90, 1663675530690
32.90, 1663675532704
32.90, 1663675534755
32.90, 1663675553001
32.90, 1663675555028
32.90, 1663675557036
32.90, 1663675559061
32.90, 1663675561069
32.90, 1663675563121
32.90, 1663675565152
32.90, 1663675567174
32.90, 1663675569220
32.90, 1663675571230
32.90, 1663675573254
32.90, 1663675575297
32.90, 1663675577297
32.90, 1663675579307
32.90, 1663675581304
32.90, 1663675583329
32.90, 1663675585378
32.90, 1663675587386
32.90, 1663675589424
32.90, 1663675591474
32.90, 1663675593468
32.90, 1663675595512
32.90, 1663675597531
32.90, 1663675599568
32.90, 1663675601577
32.90, 1663675603624
32.90, 1663675605633
32.90, 1663675607681
32.90, 1663675609729
32.90, 1663675611773
32.90, 1663675613796
32.90, 1663675615833
32.90, 1663675617844
32.90, 1663675619856
32.90, 1663675621858
32.90, 1663675623897
42.90, 1663675625892
34.60, 1663675627928
32.60, 1663675629931
32.00, 1663675631947
31.60, 1663675633965
31.20, 1663675636005
36.80, 1663675638053
31.60, 1663675640054
33.70, 1663675642096
34.70, 1663675644115
35.00, 1663675646162
35.50, 1663675648189
35.80, 1663675650237
35.80, 1663675652238
35.60, 1663675654249
35.30, 1663675656262
35.00, 1663675658310
34.60, 1663675660308
34.30, 1663675662356
34.20, 1663675664373
34.10, 1663675666419
33.80, 1663675668444
33.60, 1663675670536
33.50, 1663675672589
33.40, 1663675674615
33.50, 1663675676619
33.50, 1663675678750
33.50, 1663675680754
33.50, 1663675682845
33.50, 1663675684885
33.50, 1663675686937
33.30, 1663675688968
33.10, 1663675690995
33.00, 1663675693073
33.10, 1663675695094
33.20, 1663675697166
33.10, 1663675699221
32.90, 1663675701279
32.50, 1663675703323
32.10, 1663675705396
31.70, 1663675707431
31.40, 1663675709491
31.20, 1663675711539
30.90, 1663675713579
30.80, 1663675715632
30.70, 1663675717725
30.60, 1663675719765
30.50, 1663675721767
30.40, 1663675723841
30.40, 1663675725918
30.30, 1663675727945
30.20, 1663675729986
30.10, 1663675732039
30.20, 1663675734057
30.30, 1663675736074
30.60, 1663675738061
30.80, 1663675740100
30.80, 1663675742148
30.80, 1663675744163
30.80, 1663675746221
30.60, 1663675748251
30.50, 1663675750289
30.30, 1663675752340
36.80, 1663675754328
45.90, 1663675756360
39.20, 1663675758416
45.70, 1663675760472
45.70, 1663675762472
35.50, 1663675764475
45.40, 1663675766485
46.40, 1663675768500
46.40, 1663675770494
32.30, 1663675779727
31.80, 1663675781574
31.30, 1663675783623
32.10, 1663675790485
50.30, 1663675792449
53.40, 1663675794541
47.60, 1663675796521
47.20, 1663675798538
42.00, 1663675800569
43.20, 1663675802607
45.00, 1663675804626
45.30, 1663675806648
46.70, 1663675808677
48.60, 1663675810697
50.40, 1663675812738
48.20, 1663675814752
50.40, 1663675816760
47.30, 1663675818768
54.80, 1663675820778
45.80, 1663675822796
45.50, 1663675824818
44.20, 1663675826828
42.00, 1663675828834
41.20, 1663675830830
39.70, 1663675832836
38.70, 1663675834844
37.90, 1663675836858
37.90, 1663675838879
37.70, 1663675840900
37.90, 1663675842900
37.70, 1663675844955
37.80, 1663675846973
37.40, 1663675848985
37.60, 1663675850988
37.70, 1663675852985
38.10, 1663675855033
38.40, 1663675857067
38.80, 1663675859085
39.50, 1663675861131
40.50, 1663675863157
41.00, 1663675865204
41.30, 1663675867235
40.10, 1663675869250
39.20, 1663675871269
38.30, 1663675873280
37.90, 1663675875328
37.30, 1663675877339
36.30, 1663675879351
36.10, 1663675881374
36.40, 1663675883389
36.80, 1663675885420
37.90, 1663675887489
38.20, 1663675889556
38.40, 1663675891592
38.40, 1663675893586
38.30, 1663675895686
38.20, 1663675897709
37.80, 1663675899729
38.10, 1663675901746
37.90, 1663675903786
38.40, 1663675905806
38.10, 1663675907851
38.10, 1663675909878
37.80, 1663675911907
37.90, 1663675913956
37.90, 1663675916017
37.80, 1663675918075
37.60, 1663675920132
37.80, 1663675922186
38.10, 1663675924212
38.30, 1663675926259
37.80, 1663675928263
37.70, 1663675930308
37.50, 1663675932346
37.70, 1663675934368
37.70, 1663675936438
37.90, 1663675938454
38.20, 1663675940510
38.10, 1663675942542
38.30, 1663675944559
38.00, 1663675946604
38.40, 1663675948626
38.10, 1663675950682
38.30, 1663675952698
38.00, 1663675954752
37.40, 1663675956777
37.60, 1663675958802
37.60, 1663675960825
38.20, 1663675962836
37.90, 1663675964889
38.10, 1663675966953
37.60, 1663675968984
37.90, 1663675971053
38.00, 1663675973101
38.60, 1663675975132
38.00, 1663675977153
37.60, 1663675979206
37.30, 1663675981244
36.70, 1663675983322
36.60, 1663675985375
36.30, 1663675987396
36.30, 1663675989425
36.40, 1663675991478
36.20, 1663675993503
36.00, 1663675995566
35.90, 1663675997615
36.00, 1663675999618
35.90, 1663676001664
35.30, 1663676003676
35.10, 1663676005747
34.90, 1663676007769
34.90, 1663676009786
34.90, 1663676011831
34.90, 1663676013840
34.90, 1663676015858
34.90, 1663676017881
34.90, 1663676019926
34.90, 1663676021978
34.90, 1663676023981
34.90, 1663676026012
34.90, 1663676028067
34.90, 1663676030062
34.90, 1663676032140
34.90, 1663676034091
34.90, 1663676036082
34.90, 1663676038119
34.90, 1663676040148
34.90, 1663676042177
34.90, 1663676044190
34.90, 1663676046227
34.90, 1663676048258
34.90, 1663676050295
34.90, 1663676052337
34.90, 1663676054327
34.90, 1663676056335
34.90, 1663676058346
34.90, 1663676060375
34.90, 1663676062421
34.90, 1663676064437
34.90, 1663676066449
34.90, 1663676068485
34.90, 1663676070524
34.90, 1663676072560
34.90, 1663676074563
34.90, 1663676076614
34.90, 1663676078633
34.90, 1663676080662
34.90, 1663676082705
34.90, 1663676084718
34.90, 1663676086726
34.90, 1663676088855
34.90, 1663676090762
34.90, 1663676092811
34.90, 1663676094807
34.90, 1663676096836
34.90, 1663676098835
34.90, 1663676100885
34.90, 1663676102895
34.90, 1663676104907
34.90, 1663676106898
34.90, 1663676108939
34.90, 1663676110942
34.90, 1663676112949
34.90, 1663676114998
34.90, 1663676116983
34.90, 1663676119021
34.90, 1663676121054
34.90, 1663676123073
34.90, 1663676125110
34.90, 1663676127155
34.90, 1663676129166
34.90, 1663676131195
34.90, 1663676133220
34.90, 1663676135270
34.90, 1663676137294
34.90, 1663676139343
34.90, 1663676141354
34.90, 1663676143359
34.90, 1663676145382
34.90, 1663676147422
34.90, 1663676149420
34.90, 1663676151427
34.90, 1663676153480
34.90, 1663676155494
34.90, 1663676157501
34.90, 1663676159528
34.90, 1663676161557
34.90, 1663676163593
34.90, 1663676165601
34.90, 1663676167619
34.90, 1663676169645
34.90, 1663676171645
34.90, 1663676173670
34.90, 1663676175697
34.90, 1663676177731
34.90, 1663676179762
34.90, 1663676181798
34.90, 1663676183798
34.90, 1663676185812
34.90, 1663676187811
34.90, 1663676189866
34.90, 1663676191892
34.90, 1663676193917
34.90, 1663676195969
34.90, 1663676197991
34.90, 1663676200044
34.90, 1663676202004
34.90, 1663676204017
34.90, 1663676206033
34.90, 1663676208082
34.90, 1663676210118
34.90, 1663676212159
34.90, 1663676214168
34.90, 1663676216200
34.90, 1663676218214
34.90, 1663676220248
34.90, 1663676222289
34.90, 1663676224330
34.90, 1663676226330
34.90, 1663676228351
34.90, 1663676230352
34.90, 1663676232349
34.90, 1663676234364
34.90, 1663676236395
34.90, 1663676238440
34.90, 1663676240481
34.90, 1663676242532
34.90, 1663676244534
34.90, 1663676246550
34.90, 1663676259266
34.90, 1663676259477
34.90, 1663676264530
34.90, 1663676264713
34.90, 1663676266701
34.90, 1663676268821
34.90, 1663676270770
34.90, 1663676272776
34.90, 1663676274831
34.90, 1663676276827
34.90, 1663676278959
34.90, 1663676280889
34.90, 1663676282902
34.90, 1663676284949
34.90, 1663676287145
34.90, 1663676288930
34.90, 1663676290955
34.90, 1663676292982
34.90, 1663676295074
34.90, 1663676297066
34.90, 1663676299093
34.90, 1663676301111
34.90, 1663676303150
34.90, 1663676305188
34.90, 1663676307218
34.90, 1663676309252
34.90, 1663676311402
34.90, 1663676314002
34.90, 1663676315882
34.90, 1663676317938
34.90, 1663676324996
34.90, 1663676325477
34.90, 1663676327477
34.90, 1663676330805
34.90, 1663676331332
34.90, 1663676333497
34.90, 1663676335632
34.90, 1663676337532
34.90, 1663676339504
34.90, 1663676341565
34.90, 1663676343515
34.90, 1663676345847
34.90, 1663676347623
34.90, 1663676349926
34.90, 1663676351619
34.90, 1663676356578
34.90, 1663676357364
34.90, 1663676358871
34.90, 1663676360973
34.90, 1663676362868
34.90, 1663676365187
34.90, 1663676366999
34.90, 1663676369115
34.90, 1663676370978
34.90, 1663676375792
34.90, 1663676375888
34.90, 1663676377926
34.90, 1663676379972
34.90, 1663676381945
34.90, 1663676383990
34.90, 1663676385968
34.90, 1663676387995
34.90, 1663676390044
34.90, 1663676392092
34.90, 1663676394128
34.90, 1663676396149
34.90, 1663676398180
34.90, 1663676400189
34.90, 1663676402222
34.90, 1663676404288
34.90, 1663676406279
34.90, 1663676408314
34.90, 1663676410315
34.90, 1663676412358
34.90, 1663676414402
34.90, 1663676416423
34.90, 1663676418463
34.90, 1663676420482
34.90, 1663676422540
34.90, 1663676424562
34.90, 1663676426603
34.90, 1663676428671
34.90, 1663676430640
34.90, 1663676432702
34.90, 1663676434765
34.90, 1663676436753
34.90, 1663676438789
34.90, 1663676440845
34.90, 1663676442841
34.90, 1663676444881
34.90, 1663676446989
34.90, 1663676449005
34.90, 1663676450958
34.90, 1663676452980
34.90, 1663676454978
34.90, 1663676457012
34.90, 1663676459016
34.90, 1663676461026
34.90, 1663676463100
34.90, 1663676465092
34.90, 1663676467098
34.90, 1663676469095
34.90, 1663676471138
34.90, 1663676473160
34.90, 1663676475172
34.90, 1663676477405
34.90, 1663676479230
34.90, 1663676481265
34.90, 1663676483310
34.90, 1663676485329
34.90, 1663676487349
34.90, 1663676489377
34.90, 1663676491392
34.90, 1663676493444
34.90, 1663676495502
34.90, 1663676497495
34.90, 1663676499511
34.90, 1663676501512
34.90, 1663676503536
34.90, 1663676505575
34.90, 1663676507856
34.90, 1663676509616
34.90, 1663676511661
34.90, 1663676513695
34.90, 1663676515742
34.90, 1663676517746
34.90, 1663676519775
34.90, 1663676521785
34.90, 1663676523819
34.90, 1663676525883
34.90, 1663676527864
34.90, 1663676529892
34.90, 1663676531924
34.90, 1663676533926
34.90, 1663676535989
34.90, 1663676537968
34.90, 1663676540021
34.90, 1663676542002
34.90, 1663676544026
34.90, 1663676546077
34.90, 1663676548120
34.90, 1663676550171
34.90, 1663676552193
34.90, 1663676554232
34.90, 1663676556269
34.90, 1663676558306
34.90, 1663676560345
34.90, 1663676562349
34.90, 1663676564368
34.90, 1663676566398
34.90, 1663676568436
34.90, 1663676570473
34.90, 1663676572518
34.90, 1663676574536
34.90, 1663676576551
34.90, 1663676578587
34.90, 1663676580620
34.90, 1663676582673
34.90, 1663676584710
34.90, 1663676586741
34.90, 1663676588774
34.90, 1663676590792
34.90, 1663676592860
34.90, 1663676597249
34.90, 1663676597338
34.90, 1663676599377
34.90, 1663676601415
34.90, 1663676603419
34.90, 1663676605427
34.90, 1663676607443
34.90, 1663676609464
34.90, 1663676611507
34.90, 1663676613531
34.90, 1663676615546
34.90, 1663676617594
34.90, 1663676619633
34.90, 1663676621708
34.90, 1663676623689
34.90, 1663676625743
34.90, 1663676627776
34.90, 1663676629822
34.90, 1663676631814
34.90, 1663676633839
34.90, 1663676635863
34.90, 1663676637886
34.90, 1663676639889
34.90, 1663676641905
34.90, 1663676643943
34.90, 1663676645943
34.90, 1663676647955
34.90, 1663676650003
34.90, 1663676652025
34.90, 1663676654063
34.90, 1663676656142
34.90, 1663676658152
34.90, 1663676660183
34.90, 1663676662220
34.90, 1663676664238
34.90, 1663676666316
34.90, 1663676668289
34.90, 1663676670338
34.90, 1663676672397
34.90, 1663676674386
34.90, 1663676676392
34.90, 1663676678435
34.90, 1663676680466
34.90, 1663676682482
34.90, 1663676684488
34.90, 1663676686521
34.90, 1663676688566
34.90, 1663676690570
34.90, 1663676692647
34.90, 1663676694629
34.90, 1663676696674
34.90, 1663676698713
34.90, 1663676700758
34.90, 1663676702766
34.90, 1663676704804
34.90, 1663676706825
34.90, 1663676708855
34.90, 1663676710893
34.90, 1663676712903
34.90, 1663676714906
34.90, 1663676716944
34.90, 1663676718971
34.90, 1663676720997
34.90, 1663676723046
34.90, 1663676725042
34.90, 1663676727079
34.90, 1663676729118
34.90, 1663676731153
34.90, 1663676733192
34.90, 1663676735221
34.90, 1663676737231
34.90, 1663676739305
34.90, 1663676741270
34.90, 1663676743294
34.90, 1663676745321
34.90, 1663676747312
34.90, 1663676749359
34.90, 1663676751394
34.90, 1663676753456
34.90, 1663676755495
34.90, 1663676757544
34.90, 1663676759560
34.90, 1663676761612
34.90, 1663676763612
34.90, 1663676765615
34.90, 1663676767622
34.90, 1663676769683
34.90, 1663676771681
34.90, 1663676773668
34.90, 1663676775704
34.90, 1663676777742
34.90, 1663676779759
34.90, 1663676781783
34.90, 1663676783794
34.90, 1663676785812
34.90, 1663676787818
34.90, 1663676789826
34.90, 1663676791837
34.90, 1663676793860
34.90, 1663676795869
34.90, 1663676797893
34.90, 1663676799921
34.90, 1663676801925
34.90, 1663676803935
34.90, 1663676805974
34.90, 1663676808035
34.90, 1663676810026
34.90, 1663676812054
34.90, 1663676814081
34.90, 1663676816114
34.90, 1663676818152
34.90, 1663676820183
34.90, 1663676822227
34.90, 1663676824230
34.90, 1663676826229
34.90, 1663676828236
34.90, 1663676830276
34.90, 1663676832314
34.90, 1663676834334
34.90, 1663676836479
34.90, 1663676838404
34.90, 1663676840446
34.90, 1663676842478
34.90, 1663676844516
34.90, 1663676846523
34.90, 1663676848564
34.90, 1663676850583
34.90, 1663676852614
34.90, 1663676854665
34.90, 1663676856652
34.90, 1663676858673
34.90, 1663676860678
34.90, 1663676862698
34.90, 1663676864728
34.90, 1663676866755
34.90, 1663676868839
34.90, 1663676870802
34.90, 1663676872824
34.90, 1663676874864
34.90, 1663676876888
34.90, 1663676878924
34.90, 1663676880956
34.90, 1663676882955
34.90, 1663676884970
34.90, 1663676886993
34.90, 1663676888996
34.90, 1663676891038
34.90, 1663676893054
34.90, 1663676895127
34.90, 1663676897098
34.90, 1663676899121
34.90, 1663676901157
34.90, 1663676903228
34.90, 1663676905246
34.90, 1663676907290
34.90, 1663676909297
34.90, 1663676911341
34.90, 1663676913387
34.90, 1663676915384
34.90, 1663676917429
34.90, 1663676919437
34.90, 1663676921474
34.90, 1663676923480
34.90, 1663676925506
34.90, 1663676927526
34.90, 1663676929568
34.90, 1663676931566
34.90, 1663676933569
34.90, 1663676935601
34.90, 1663676937601
34.90, 1663676939690
34.90, 1663676941683
34.90, 1663676943700
34.90, 1663676945730
34.90, 1663676947763
34.90, 1663676949739
34.90, 1663676951794
34.90, 1663676953840
34.90, 1663676955832
34.90, 1663676957856
34.90, 1663676959887
34.90, 1663676961948
34.90, 1663676963926
34.90, 1663676965946
34.90, 1663676967982
34.90, 1663676969955
34.90, 1663676971970
34.90, 1663676973963
34.90, 1663676975964
34.90, 1663676977967
34.90, 1663676979967
34.90, 1663676981975
34.90, 1663676984002
34.90, 1663676986006
34.90, 1663676988020
34.90, 1663676990031
34.90, 1663676992042
34.90, 1663676994045
34.90, 1663676996078
34.90, 1663676998128
34.90, 1663677000171
34.90, 1663677002186
34.90, 1663677004162
34.90, 1663677006192
34.90, 1663677008244
34.90, 1663677010286
34.90, 1663677012304
34.90, 1663677014330
34.90, 1663677016351
34.90, 1663677018377
34.90, 1663677020432
34.90, 1663677022477
34.90, 1663677024527
34.90, 1663677026667
34.90, 1663677028620
34.90, 1663677030656
34.90, 1663677032690
34.90, 1663677034731
34.90, 1663677036775
34.90, 1663677038814
34.90, 1663677040884
34.90, 1663677042895
34.90, 1663677044902
34.90, 1663677046942
34.90, 1663677048977
34.90, 1663677051008
34.90, 1663677053051
34.90, 1663677055070
34.90, 1663677057104
34.90, 1663677059131
34.90, 1663677061157
34.90, 1663677063193
34.90, 1663677065245
34.90, 1663677067264
34.90, 1663677069266
34.90, 1663677071299
34.90, 1663677073337
34.90, 1663677075365
34.90, 1663677077415
34.90, 1663677079430
34.90, 1663677081463
34.90, 1663677083469
34.90, 1663677085541
34.90, 1663677087544
34.90, 1663677089590
34.90, 1663677091606
34.90, 1663677093629
34.90, 1663677095653
34.90, 1663677097728
34.90, 1663677099718
34.90, 1663677101743
34.90, 1663677103766
34.90, 1663677105776
34.90, 1663677107794
34.90, 1663677109832
34.90, 1663677111865
34.90, 1663677113911
34.90, 1663677115945
34.90, 1663677117974
34.90, 1663677119975
34.90, 1663677122030
34.90, 1663677124058
34.90, 1663677126105
34.90, 1663677128131
34.90, 1663677130165
34.90, 1663677132181
34.90, 1663677134200
34.90, 1663677136238
34.90, 1663677138254
34.90, 1663677140276
34.90, 1663677142307
34.90, 1663677144345
34.90, 1663677146376
34.90, 1663677148414
34.90, 1663677150406
34.90, 1663677152413
34.90, 1663677154472
34.90, 1663677156501
34.90, 1663677158532
34.90, 1663677160561
34.90, 1663677162602
34.90, 1663677164637
34.90, 1663677166639
34.90, 1663677168668
34.90, 1663677170743
34.90, 1663677172713
34.90, 1663677174699
34.90, 1663677176731
34.90, 1663677178756
34.90, 1663677180765
34.90, 1663677182787
34.90, 1663677184816
34.90, 1663677186813
34.90, 1663677188850
34.90, 1663677190885
34.90, 1663677192888
34.90, 1663677194926
34.90, 1663677196976
34.90, 1663677199001
34.90, 1663677201048
34.90, 1663677203089
34.90, 1663677205064
34.90, 1663677207082
34.90, 1663677209142
34.90, 1663677211116
34.90, 1663677213189
34.90, 1663677215179
34.90, 1663677217201
34.90, 1663677219229
34.90, 1663677221275
34.90, 1663677223268
34.90, 1663677225323
34.90, 1663677227323
34.90, 1663677229355
34.90, 1663677231414
34.90, 1663677233404
34.90, 1663677235427
34.90, 1663677237441
34.90, 1663677239478
34.90, 1663677241452
34.90, 1663677243473
34.90, 1663677245510
34.90, 1663677247537
34.90, 1663677249563
34.90, 1663677251585
34.90, 1663677253635
34.90, 1663677255667
34.90, 1663677257711
34.90, 1663677259718
34.90, 1663677261739
34.90, 1663677263796
34.90, 1663677265805
34.90, 1663677267861
34.90, 1663677269833
34.90, 1663677271898
34.90, 1663677273858
34.90, 1663677275879
34.90, 1663677277860
34.90, 1663677279907
34.90, 1663677281925
34.90, 1663677283986
34.90, 1663677286015
34.90, 1663677288050
34.90, 1663677290091
34.90, 1663677292095
34.90, 1663677294149
34.90, 1663677296144
34.90, 1663677298178
34.90, 1663677300214
34.90, 1663677302253
34.90, 1663677304273
