23.80, 1664266626752
23.80, 1664266628820
23.80, 1664266631236
23.80, 1664266632932
23.80, 1664266635316
23.80, 1664266637080
23.80, 1664266639421
23.80, 1664266641160
23.80, 1664266643004
23.80, 1664266645209
23.80, 1664266647203
23.80, 1664266648975
23.80, 1664266651295
23.80, 1664266653031
23.70, 1664266655182
23.80, 1664266657478
23.80, 1664266659045
23.80, 1664266661378
23.70, 1664266663367
23.70, 1664266665617
23.70, 1664266667459
23.70, 1664266669458
23.70, 1664266671658
23.70, 1664266673600
23.70, 1664266675544
23.70, 1664266677692
23.70, 1664266679435
23.70, 1664266682197
23.70, 1664266684147
23.70, 1664266685913
23.70, 1664266688030
23.70, 1664266689913
23.70, 1664266691717
23.70, 1664266693690
23.60, 1664266695761
23.60, 1664266697753
23.60, 1664266699727
23.60, 1664266702701
23.60, 1664266704112
23.60, 1664266705935
23.60, 1664266708086
23.60, 1664266709825
23.60, 1664266715027
23.60, 1664266715512
23.50, 1664266717601
23.50, 1664266719445
23.50, 1664266721742
23.50, 1664266724048
23.40, 1664266725481
23.40, 1664266727635
23.40, 1664266729572
23.40, 1664266732477
23.40, 1664266733712
23.30, 1664266736085
23.30, 1664266738241
23.30, 1664266740178
23.30, 1664266742466
23.20, 1664266744104
23.20, 1664266746106
23.20, 1664266751987
23.20, 1664266752494
23.10, 1664266755871
23.10, 1664266769220
23.10, 1664266769449
23.00, 1664266771732
23.00, 1664266773548
22.90, 1664266775737
22.70, 1664266777667
22.80, 1664266779835
22.80, 1664266782129
23.40, 1664266783654
22.90, 1664266785909
23.00, 1664266788288
22.70, 1664266790383
23.00, 1664266792319
23.00, 1664266793938
23.00, 1664266795985
23.10, 1664266797929
23.00, 1664266800283
23.30, 1664266802437
23.10, 1664266804273
23.00, 1664266806221
22.90, 1664266808265
23.20, 1664266810310
23.70, 1664266812258
24.30, 1664266814302
25.10, 1664266816246
26.00, 1664266818459
26.20, 1664266820445
27.50, 1664266822391
28.30, 1664266824436
29.10, 1664266826482
29.10, 1664266828537
29.60, 1664266830586
29.80, 1664266832622
30.10, 1664266834988
30.20, 1664266836712
30.50, 1664266841525
30.70, 1664266841731
30.80, 1664266843879
30.60, 1664266846026
31.30, 1664266847969
30.30, 1664266850326
30.80, 1664266851958
30.80, 1664266854008
31.00, 1664266856467
30.80, 1664266858238
30.60, 1664266860076
30.70, 1664266862616
30.50, 1664266864379
30.60, 1664266866387
30.70, 1664266868347
30.40, 1664266870836
30.10, 1664266872301
30.20, 1664266874481
30.00, 1664266876619
30.20, 1664266878923
30.00, 1664266880981
29.90, 1664266883002
30.10, 1664266884514
29.70, 1664266886461
29.80, 1664266888592
29.60, 1664266890649
29.50, 1664266892685
29.40, 1664266895122
29.40, 1664266896778
29.20, 1664266898927
29.20, 1664266900873
29.10, 1664266903227
29.10, 1664266904966
29.00, 1664266906943
28.90, 1664266909530
28.90, 1664266911309
28.70, 1664266913134
28.70, 1664266915239
28.60, 1664266917346
28.50, 1664266919953
28.50, 1664266921516
28.50, 1664266923486
28.40, 1664266925537
28.30, 1664266927787
28.30, 1664266929531
28.20, 1664266931979
28.10, 1664266933838
28.00, 1664266936822
28.00, 1664266938038
27.90, 1664266940196
27.90, 1664266942264
27.70, 1664266944057
27.60, 1664266945896
27.60, 1664266948186
27.50, 1664266949887
27.40, 1664266952365
27.30, 1664266954142
27.20, 1664266956246
27.20, 1664266958013
27.10, 1664266960326
27.00, 1664266962042
26.90, 1664266964284
26.90, 1664266966186
26.80, 1664266968515
26.70, 1664266970822
26.70, 1664266973003
26.70, 1664266974530
26.60, 1664266976509
26.60, 1664266978949
26.50, 1664266980604
26.50, 1664266982734
26.50, 1664266984884
26.40, 1664266987032
26.40, 1664266988977
26.30, 1664266991126
26.30, 1664266993071
26.20, 1664266995387
26.20, 1664266997163
26.20, 1664266999210
26.20, 1664267001378
26.10, 1664267003303
26.10, 1664267005554
26.00, 1664267007927
26.00, 1664267010057
26.00, 1664267012117
26.00, 1664267016483
25.90, 1664267019764
25.90, 1664267020597
25.70, 1664267022541
25.70, 1664267024792
25.70, 1664267026477
25.70, 1664267028746
25.60, 1664267030546
25.60, 1664267033104
25.60, 1664267035050
25.50, 1664267036766
25.50, 1664267038811
25.50, 1664267040960
25.50, 1664267043313
25.40, 1664267045157
25.40, 1664267047262
25.40, 1664267048943
25.40, 1664267051565
25.30, 1664267053136
25.30, 1664267055491
25.20, 1664267057127
25.20, 1664267059380
25.10, 1664267061222
25.10, 1664267063506
25.10, 1664267065738
25.00, 1664267067696
25.00, 1664267069919
25.00, 1664267072272
25.00, 1664267073538
25.00, 1664267076113
24.90, 1664267078311
24.90, 1664267079538
24.90, 1664267081687
24.50, 1664267083939
24.80, 1664267085575
24.90, 1664267087520
24.80, 1664267089695
25.00, 1664267092069
25.00, 1664267093779
24.60, 1664267095839
25.00, 1664267097856
24.30, 1664267099700
25.30, 1664267102050
24.70, 1664267103971
24.10, 1664267105955
24.90, 1664267107985
24.70, 1664267110033
24.70, 1664267112284
24.70, 1664267114023
24.70, 1664267116480
24.70, 1664267118423
24.70, 1664267123028
24.90, 1664267124482
25.50, 1664267126120
26.40, 1664267128249
26.90, 1664267133875
27.30, 1664267134293
28.90, 1664267136515
29.20, 1664267139506
29.50, 1664267140483
30.30, 1664267142676
30.70, 1664267144522
30.90, 1664267146565
30.90, 1664267148511
31.30, 1664267150559
31.80, 1664267152514
31.30, 1664267154650
31.40, 1664267156510
31.80, 1664267158641
32.40, 1664267160767
31.90, 1664267163205
32.30, 1664267164884
31.60, 1664267167341
31.70, 1664267168876
31.80, 1664267171025
31.80, 1664267173174
31.70, 1664267175121
31.60, 1664267177527
31.60, 1664267179112
31.50, 1664267181369
31.40, 1664267183408
31.40, 1664267185353
31.30, 1664267187400
31.20, 1664267189570
31.20, 1664267191398
31.10, 1664267193507
31.00, 1664267195491
30.90, 1664267197635
30.80, 1664267199783
30.70, 1664267202239
30.70, 1664267203878
30.60, 1664267206128
30.60, 1664267207969
30.50, 1664267210017
30.40, 1664267211960
30.30, 1664267214110
30.20, 1664267216054
30.10, 1664267218305
30.00, 1664267220455
29.90, 1664267222092
29.70, 1664267224138
29.50, 1664267226493
29.40, 1664267228337
29.20, 1664267230688
29.10, 1664267232429
28.90, 1664267234616
28.80, 1664267236214
28.70, 1664267238364
28.50, 1664267240822
28.40, 1664267242561
28.20, 1664267244519
28.10, 1664267246551
28.00, 1664267248599
27.90, 1664267250551
27.80, 1664267255253
27.70, 1664267255522
27.40, 1664267257571
27.30, 1664267259958
27.20, 1664267261699
27.10, 1664267264134
27.00, 1664267266197
26.90, 1664267267735
26.70, 1664267269789
26.70, 1664267272360
26.60, 1664267274081
26.50, 1664267275925
26.40, 1664267277974
26.40, 1664267280078
26.20, 1664267282499
26.20, 1664267283932
26.10, 1664267286061
26.00, 1664267288515
25.90, 1664267290585
25.80, 1664267293037
25.80, 1664267294548
25.70, 1664267296419
25.60, 1664267299730
25.60, 1664267300483
25.50, 1664267303180
25.50, 1664267304484
25.40, 1664267306679
25.30, 1664267308541
25.20, 1664267310280
25.20, 1664267312354
25.10, 1664267314912
25.10, 1664267316723
25.00, 1664267318698
25.00, 1664267320745
25.00, 1664267323343
24.90, 1664267324737
24.90, 1664267326732
25.30, 1664267328628
24.90, 1664267330672
24.50, 1664267332838
24.40, 1664267334870
24.90, 1664267336870
24.50, 1664267338871
24.60, 1664267341212
24.60, 1664267343054
24.80, 1664267344926
24.60, 1664267347573
24.30, 1664267348934
25.00, 1664267351054
24.80, 1664267353193
24.70, 1664267355154
24.70, 1664267357014
24.70, 1664267359491
24.70, 1664267360891
24.70, 1664267363011
24.70, 1664267368130
24.70, 1664267368438
24.70, 1664267370379
24.70, 1664267372777
24.70, 1664267374562
24.70, 1664267376547
24.70, 1664267378670
24.70, 1664267380613
24.70, 1664267382990
24.70, 1664267384810
24.70, 1664267386579
24.70, 1664267388977
24.70, 1664267390979
24.70, 1664267392628
24.70, 1664267395143
24.70, 1664267396781
24.70, 1664267399034
24.70, 1664267400783
24.70, 1664267403407
24.70, 1664267404967
24.30, 1664267406912
24.80, 1664267409065
24.60, 1664267412177
24.70, 1664267413054
24.80, 1664267415205
24.70, 1664267417145
24.70, 1664267420180
24.80, 1664267421750
24.70, 1664267423286
24.80, 1664267425439
24.70, 1664267427892
24.70, 1664267429579
24.70, 1664267431923
24.70, 1664267433520
24.70, 1664267435525
24.70, 1664267437540
24.70, 1664267439677
24.70, 1664267441708
24.80, 1664267443862
24.80, 1664267446003
24.80, 1664267447994
24.80, 1664267450099
24.70, 1664267452144
24.80, 1664267453907
24.80, 1664267456752
24.70, 1664267458830
24.80, 1664267460127
24.80, 1664267463218
24.80, 1664267464222
24.70, 1664267466594
24.70, 1664267468210
24.70, 1664267470359
24.70, 1664267472225
24.70, 1664267474499
24.70, 1664267476413
24.70, 1664267478555
24.70, 1664267480493
24.70, 1664267482358
24.70, 1664267484520
24.80, 1664267487055
24.80, 1664267488613
24.70, 1664267490999
24.70, 1664267492565
24.70, 1664267494714
24.70, 1664267497494
24.70, 1664267498706
24.70, 1664267502738
24.70, 1664267503008
24.70, 1664267504949
24.70, 1664267507103
24.70, 1664267509451
24.70, 1664267511247
24.70, 1664267512980
24.70, 1664267515002
24.70, 1664267517739
24.70, 1664267519277
24.70, 1664267521323
24.70, 1664267523728
24.70, 1664267525227
24.80, 1664267527245
24.80, 1664267529814
24.70, 1664267531467
24.70, 1664267533704
24.80, 1664267535866
24.80, 1664267537915
24.80, 1664267539640
24.80, 1664267542058
24.80, 1664267543631
24.80, 1664267545575
24.80, 1664267548337
24.80, 1664267549975
24.70, 1664267553613
24.70, 1664267554060
24.70, 1664267561325
24.60, 1664267565260
24.60, 1664267566001
24.50, 1664267567886
24.50, 1664267569968
24.50, 1664267572117
24.50, 1664267574431
24.60, 1664267576018
24.70, 1664267583030
24.70, 1664267583847
25.10, 1664267586153
25.20, 1664267590575
25.30, 1664267590910
25.40, 1664267592856
25.50, 1664267595001
25.50, 1664267597664
25.50, 1664267598897
25.60, 1664267601388
25.60, 1664267602881
25.60, 1664267604929
25.60, 1664267607135
25.70, 1664267609127
25.60, 1664267611067
25.70, 1664267613320
25.70, 1664267615263
25.70, 1664267617411
25.70, 1664267621327
25.70, 1664267622118
25.70, 1664267623569
25.70, 1664267625999
25.70, 1664267628772
25.70, 1664267629824
25.70, 1664267631636
25.60, 1664267633793
25.60, 1664267635731
25.60, 1664267637764
25.60, 1664267640688
25.60, 1664267641874
25.60, 1664267644191
25.60, 1664267645860
25.60, 1664267648276
25.60, 1664267650057
25.60, 1664267651900
25.60, 1664267654089
25.60, 1664267660862
25.50, 1664267666389
25.50, 1664267667683
25.50, 1664267671351
25.50, 1664267673789
25.40, 1664267676560
25.40, 1664267681509
25.40, 1664267681986
25.40, 1664267684396
25.40, 1664267686930
25.40, 1664267687745
25.40, 1664267689901
25.30, 1664267691910
25.30, 1664267694506
25.30, 1664267695799
25.30, 1664267697844
25.30, 1664267699993
25.30, 1664267701836
25.30, 1664267708908
25.30, 1664267709306
25.30, 1664267712659
25.20, 1664267714353
25.20, 1664267716801
25.20, 1664267717127
25.20, 1664267719542
25.20, 1664267722256
25.20, 1664267723570
25.10, 1664267725476
25.10, 1664267727492
25.10, 1664267729674
25.10, 1664267731723
25.10, 1664267733456
25.10, 1664267735524
25.10, 1664267737796
25.10, 1664267739597
25.10, 1664267741666
25.10, 1664267744119
25.10, 1664267745634
25.10, 1664267747990
25.10, 1664267750034
25.00, 1664267752105
25.00, 1664267754058
25.00, 1664267756505
25.00, 1664267758078
25.00, 1664267761079
25.00, 1664267762074
25.00, 1664267765231
25.00, 1664267766102
25.00, 1664267768157
25.00, 1664267772143
24.90, 1664267774900
24.90, 1664267776238
24.90, 1664267778177
24.90, 1664267780222
24.90, 1664267782271
24.90, 1664267785656
24.90, 1664267786566
24.90, 1664267789133
24.90, 1664267790354
24.90, 1664267792399
24.90, 1664267794482
24.80, 1664267797330
24.80, 1664267798336
24.90, 1664267800797
24.90, 1664267804796
24.80, 1664267807378
24.80, 1664267810595
24.80, 1664267813198
24.80, 1664267816436
24.80, 1664267816858
24.80, 1664267818904
24.80, 1664267820951
24.70, 1664267822895
24.80, 1664267825247
24.70, 1664267828112
24.80, 1664267829034
24.70, 1664267830981
24.70, 1664267832954
24.70, 1664267835276
24.70, 1664267837220
24.70, 1664267839490
24.70, 1664267841415
24.70, 1664267843257
24.70, 1664267845202
24.70, 1664267847251
24.60, 1664267854229
24.60, 1664267855128
24.70, 1664267857176
24.60, 1664267858607
24.60, 1664267860997
24.60, 1664267867716
24.60, 1664267877334
24.60, 1664267877743
24.60, 1664267879797
24.50, 1664267881904
24.50, 1664267883991
24.50, 1664267885858
24.50, 1664267887777
24.50, 1664267889823
24.50, 1664267891773
24.50, 1664267894252
24.50, 1664267895996
24.50, 1664267897905
24.50, 1664267899848
24.50, 1664267901996
24.50, 1664267903944
24.50, 1664267905990
24.50, 1664267908033
24.50, 1664267910415
24.50, 1664267912542
24.50, 1664267913980
24.50, 1664267916041
24.50, 1664267918012
24.50, 1664267920084
24.40, 1664267922114
24.50, 1664267924202
24.50, 1664267926248
24.40, 1664267928514
24.50, 1664267930675
24.40, 1664267932592
24.40, 1664267934575
24.40, 1664267936689
24.40, 1664267938736
24.40, 1664267940598
24.40, 1664267945588
24.40, 1664267945999
24.30, 1664267947944
24.40, 1664267950091
24.40, 1664267952244
24.40, 1664267954044
24.40, 1664267956542
24.40, 1664267958073
24.40, 1664267960224
24.40, 1664267962274
24.40, 1664267964316
24.30, 1664267966771
24.30, 1664267968510
24.30, 1664267971581
24.30, 1664267972299
24.30, 1664267974344
24.30, 1664267977133
24.30, 1664267978438
24.30, 1664267981039
24.30, 1664267982531
24.30, 1664267984475
24.30, 1664267986426
24.30, 1664267988468
24.30, 1664267990512
24.30, 1664267992558
24.20, 1664267995219
24.30, 1664267996654
24.30, 1664267998699
24.20, 1664268000897
24.20, 1664268002773
24.20, 1664268005194
24.20, 1664268007106
24.30, 1664268009531
24.10, 1664268010964
24.20, 1664268013439
24.00, 1664268015276
24.70, 1664268017223
23.90, 1664268019194
23.50, 1664268021965
24.40, 1664268023462
24.20, 1664268025475
24.30, 1664268027560
24.20, 1664268029596
24.20, 1664268031444
24.20, 1664268033593
24.20, 1664268035539
24.20, 1664268037763
24.20, 1664268039494
24.20, 1664268047098
24.20, 1664268047817
24.10, 1664268049685
24.20, 1664268068546
24.10, 1664268069652
23.70, 1664268071769
24.00, 1664268078733
24.20, 1664268079604
23.60, 1664268081280
23.50, 1664268083327
24.00, 1664268090694
23.80, 1664268098102
23.80, 1664268099298
23.70, 1664268103322
23.80, 1664268103844
23.90, 1664268105927
23.80, 1664268107617
24.00, 1664268110468
23.60, 1664268111650
23.50, 1664268113650
23.60, 1664268116254
23.30, 1664268117666
23.50, 1664268119691
23.50, 1664268122207
23.50, 1664268124157
24.00, 1664268126315
23.80, 1664268128474
23.30, 1664268141509
23.60, 1664268143345
23.10, 1664268144421
23.90, 1664268145088
23.70, 1664268148139
23.60, 1664268149896
24.00, 1664268151188
23.30, 1664268155959
24.00, 1664268159154
23.60, 1664268179491
23.60, 1664268183410
23.60, 1664268185100
23.60, 1664268185758
23.50, 1664268188039
24.20, 1664268191080
23.20, 1664268192122
23.60, 1664268194351
23.80, 1664268196547
23.40, 1664268198198
23.90, 1664268200520
23.60, 1664268202589
23.50, 1664268204897
23.50, 1664268207077
23.50, 1664268208577
23.60, 1664268210313
23.60, 1664268212173
23.60, 1664268214818
23.60, 1664268216181
23.60, 1664268218823
23.60, 1664268220348
23.50, 1664268222493
23.60, 1664268224440
23.60, 1664268226565
23.60, 1664268234399
23.50, 1664268241641
23.60, 1664268246058
23.90, 1664268248174
23.40, 1664268253252
23.70, 1664268255749
23.50, 1664268257752
23.40, 1664268259121
23.80, 1664268261650
23.50, 1664268262908
23.50, 1664268265136
23.50, 1664268267313
23.50, 1664268269371
23.50, 1664268271518
23.50, 1664268273690
23.50, 1664268276484
23.50, 1664268277013
23.50, 1664268279176
23.30, 1664268281383
23.30, 1664268284502
23.80, 1664268285316
23.90, 1664268287777
23.40, 1664268289308
23.50, 1664268292483
23.50, 1664268296145
23.50, 1664268296335
23.50, 1664268298500
23.50, 1664268300771
23.50, 1664268302610
23.50, 1664268304717
23.50, 1664268307316
23.00, 1664268309159
23.40, 1664268328462
23.60, 1664268338503
23.80, 1664268339218
23.40, 1664268341447
23.00, 1664268343013
23.40, 1664268345005
23.20, 1664268348564
23.20, 1664268349541
23.20, 1664268351083
23.10, 1664268353646
23.60, 1664268355203
23.50, 1664268357360
22.80, 1664268359539
23.20, 1664268361574
23.40, 1664268364152
23.30, 1664268365333
23.00, 1664268367893
22.90, 1664268370836
22.80, 1664268374644
22.70, 1664268375082
23.10, 1664268377008
23.30, 1664268379099
22.90, 1664268381461
23.30, 1664268383473
23.30, 1664268384994
23.40, 1664268389390
22.70, 1664268389992
23.20, 1664268392148
22.90, 1664268393713
23.00, 1664268395979
22.90, 1664268397770
22.90, 1664268399919
23.00, 1664268401864
22.90, 1664268404304
23.40, 1664268406396
23.50, 1664268408207
23.00, 1664268410254
23.10, 1664268415733
23.50, 1664268417109
23.40, 1664268419669
23.30, 1664268421304
23.00, 1664268423545
23.20, 1664268425295
23.00, 1664268428368
22.90, 1664268429586
22.90, 1664268431067
22.90, 1664268433481
23.00, 1664268437984
22.80, 1664268439109
22.90, 1664268441262
23.00, 1664268443104
23.00, 1664268446798
23.20, 1664268449955
23.10, 1664268451081
22.80, 1664268453128
22.80, 1664268455072
22.70, 1664268457273
23.00, 1664268459369
23.00, 1664268477829
22.90, 1664268478612
23.00, 1664268483722
23.00, 1664268484234
22.70, 1664268487918
22.50, 1664268488838
22.60, 1664268489183
23.10, 1664268491078
22.40, 1664268493171
22.50, 1664268495607
22.70, 1664268497758
22.50, 1664268500440
22.40, 1664268506560
22.40, 1664268508523
22.60, 1664268509206
22.70, 1664268511459
22.80, 1664268513204
22.70, 1664268516210
22.90, 1664268517921
23.10, 1664268524857
22.70, 1664268533526
22.90, 1664268535501
22.80, 1664268538130
23.30, 1664268539547
23.40, 1664268542189
22.60, 1664268544300
23.10, 1664268550927
23.20, 1664268552691
22.60, 1664268555043
22.70, 1664268556654
22.60, 1664268558899
22.80, 1664268560914
22.90, 1664268563480
23.20, 1664268564874
22.90, 1664268567015
22.70, 1664268569164
22.70, 1664268574178
22.70, 1664268576122
23.00, 1664268576839
22.40, 1664268578987
23.20, 1664268580626
22.80, 1664268582894
22.70, 1664268585516
22.40, 1664268589424
22.70, 1664268589936
22.80, 1664268594132
22.80, 1664268595068
22.90, 1664268596884
22.70, 1664268625648
22.20, 1664268628209
22.90, 1664268629230
22.50, 1664268631174
22.80, 1664268633559
22.80, 1664268635169
23.00, 1664268639505
22.80, 1664268642021
22.50, 1664268642636
22.90, 1664268644890
22.90, 1664268646668
22.30, 1664268649183
22.70, 1664268650870
22.60, 1664268652518
23.00, 1664268655249
23.00, 1664268656755
22.90, 1664268661769
22.90, 1664268668299
23.30, 1664268688281
22.80, 1664268689740
22.40, 1664268690818
22.60, 1664268693490
22.70, 1664268695641
22.30, 1664268697123
22.70, 1664268699467
22.50, 1664268701882
22.70, 1664268720300
22.70, 1664268720708
22.70, 1664268722800
22.30, 1664268725549
22.70, 1664268726638
22.80, 1664268733738
22.70, 1664268734328
22.70, 1664268744783
22.90, 1664268752651
22.90, 1664268772081
22.50, 1664268772489
22.20, 1664268774583
22.60, 1664268777300
22.30, 1664268781391
22.60, 1664268787221
22.60, 1664268789370
22.60, 1664268791317
22.70, 1664268793258
22.70, 1664268815156
22.70, 1664268816903
23.10, 1664268821490
22.30, 1664268827438
22.60, 1664268827948
22.80, 1664268829893
23.10, 1664268831996
22.70, 1664268833986
22.50, 1664268836031
23.10, 1664268838079
22.50, 1664268858965
22.40, 1664268859464
23.80, 1664268861415
24.40, 1664268863354
25.20, 1664268865613
25.60, 1664268868163
26.20, 1664268869493
26.90, 1664268871642
27.20, 1664268873588
28.40, 1664268876455
29.00, 1664268879729
29.40, 1664268882386
30.70, 1664268895697
31.60, 1664268896609
30.60, 1664268898145
31.80, 1664268898451
32.00, 1664268900497
32.00, 1664268902898
31.90, 1664268904693
31.50, 1664268906433
31.90, 1664268908788
31.70, 1664268910628
31.70, 1664268912981
31.10, 1664268914679
31.50, 1664268916972
31.40, 1664268932936
31.60, 1664268934074
30.90, 1664268941140
31.20, 1664268942146
30.50, 1664268949308
30.10, 1664268949615
29.90, 1664268964862
29.80, 1664268970899
30.00, 1664268984513
28.80, 1664268985022
28.40, 1664268987783
28.30, 1664268989114
29.50, 1664268996486
28.30, 1664269012036
28.20, 1664269012398
28.10, 1664269014388
27.60, 1664269019709
27.70, 1664269020428
28.20, 1664269023308
27.80, 1664269025361
28.40, 1664269026050
27.60, 1664269028289
27.70, 1664269030094
27.40, 1664269032571
27.60, 1664269035554
27.20, 1664269042256
27.10, 1664269068403
27.70, 1664269068725
26.40, 1664269070876
27.10, 1664269078274
26.70, 1664269083121
26.20, 1664269083501
27.20, 1664269085560
26.80, 1664269087445
26.30, 1664269089546
26.90, 1664269118046
26.00, 1664269127353
26.40, 1664269129550
26.00, 1664269132049
26.20, 1664269133758
26.30, 1664269134931
25.60, 1664269140870
25.50, 1664269161229
25.70, 1664269161678
25.80, 1664269166450
25.90, 1664269167809
25.20, 1664269169562
25.70, 1664269176562
25.60, 1664269195904
25.90, 1664269196219
25.40, 1664269196904
24.90, 1664269203841
25.70, 1664269204482
25.50, 1664269221789
25.50, 1664269225836
25.00, 1664269226865
25.20, 1664269228459
24.80, 1664269230710
25.40, 1664269235000
24.60, 1664269238096
25.10, 1664269238542
24.80, 1664269245982
25.00, 1664269248926
24.60, 1664269257457
25.30, 1664269257959
25.00, 1664269273216
25.10, 1664269281819
24.80, 1664269284142
25.20, 1664269304673
24.20, 1664269312491
24.50, 1664269314619
24.40, 1664269315031
24.70, 1664269317382
24.00, 1664269319019
24.30, 1664269321271
24.90, 1664269325529
24.20, 1664269325919
24.10, 1664269327789
24.40, 1664269330500
24.80, 1664269332274
24.30, 1664269339287
24.40, 1664269339894
24.80, 1664269346908
24.10, 1664269347379
24.40, 1664269349290
24.60, 1664269352049
23.90, 1664269361281
24.30, 1664269361589
24.00, 1664269363635
24.50, 1664269366195
24.00, 1664269368035
23.90, 1664269370509
24.50, 1664269371790
23.90, 1664269379055
24.40, 1664269384735
24.30, 1664269385617
24.30, 1664269398138
24.20, 1664269398587
23.70, 1664269405927
24.50, 1664269414429
24.30, 1664269414728
23.80, 1664269416827
24.40, 1664269418911
23.90, 1664269420762
24.40, 1664269423258
24.70, 1664269430251
24.30, 1664269430967
24.00, 1664269432604
24.50, 1664269434842
23.80, 1664269437107
24.70, 1664269438606
24.30, 1664269440719
24.30, 1664269442828
23.50, 1664269444984
24.50, 1664269446919
24.00, 1664269449217
24.20, 1664269451228
24.10, 1664269458316
24.10, 1664269460121
23.90, 1664269461989
24.20, 1664269464341
24.20, 1664269466142
23.60, 1664269468064
24.00, 1664269475491
24.30, 1664269481513
23.50, 1664269484659
24.00, 1664269485314
24.00, 1664269487573
23.50, 1664269491850
23.90, 1664269492148
23.70, 1664269494229
23.10, 1664269496394
24.30, 1664269498358
23.80, 1664269500244
23.80, 1664269502393
24.10, 1664269504299
23.60, 1664269506243
23.70, 1664269508246
24.10, 1664269511026
23.60, 1664269512485
24.40, 1664269514389
23.90, 1664269516445
24.00, 1664269518562
24.20, 1664269520709
24.30, 1664269523063
23.60, 1664269524805
24.00, 1664269526951
23.20, 1664269528652
23.50, 1664269530972
24.10, 1664269532846
23.60, 1664269535009
23.80, 1664269536824
23.40, 1664269539441
23.70, 1664269541278
23.80, 1664269543119
24.10, 1664269545202
23.60, 1664269547566
23.70, 1664269549241
23.60, 1664269551718
23.30, 1664269553287
23.60, 1664269555449
23.90, 1664269557329
23.50, 1664269559370
23.50, 1664269561746
23.40, 1664269563633
23.80, 1664269565632
23.20, 1664269567576
23.50, 1664269569725
23.70, 1664269571568
23.30, 1664269573564
23.70, 1664269575698
23.50, 1664269577674
24.00, 1664269580314
23.30, 1664269581737
23.60, 1664269584257
23.70, 1664269586018
23.30, 1664269587964
23.80, 1664269590132
23.30, 1664269592237
23.60, 1664269594527
23.90, 1664269596203
23.70, 1664269598053
23.20, 1664269600157
23.10, 1664269602566
23.40, 1664269604370
23.80, 1664269606468
23.80, 1664269608610
23.80, 1664269610656
24.10, 1664269612601
22.90, 1664269614779
23.90, 1664269617207
23.60, 1664269618596
23.40, 1664269620727
23.30, 1664269622869
23.40, 1664269625154
24.10, 1664269627151
23.20, 1664269628883
23.70, 1664269631228
23.90, 1664269632965
24.10, 1664269635329
23.50, 1664269639714
23.90, 1664269640082
23.50, 1664269642026
23.80, 1664269644739
23.10, 1664269651473
23.60, 1664269655287
23.50, 1664269655775
22.90, 1664269657954
23.60, 1664269659775
23.30, 1664269662026
23.90, 1664269663722
23.00, 1664269665983
23.40, 1664269668145
23.50, 1664269670298
23.20, 1664269671903
23.60, 1664269673986
23.00, 1664269676044
22.90, 1664269678400
23.60, 1664269680138
22.70, 1664269682083
23.20, 1664269684231
23.30, 1664269686532
23.50, 1664269688277
23.50, 1664269690137
24.10, 1664269692632
23.00, 1664269694111
23.60, 1664269696636
23.30, 1664269698251
23.80, 1664269700507
23.60, 1664269702346
22.70, 1664269704393
22.90, 1664269706437
23.10, 1664269708499
23.70, 1664269710455
22.90, 1664269712530
23.60, 1664269714482
23.70, 1664269716556
23.00, 1664269718657
23.60, 1664269720764
23.10, 1664269722915
23.10, 1664269724753
23.30, 1664269726800
23.10, 1664269729154
22.60, 1664269733130
23.70, 1664269743481
22.90, 1664269743991
23.50, 1664269746653
22.90, 1664269756107
23.60, 1664269756385
23.30, 1664269758559
23.40, 1664269761585
23.10, 1664269765584
22.70, 1664269766135
23.50, 1664269768039
23.20, 1664269769881
23.10, 1664269772562
22.90, 1664269773975
22.90, 1664269775910
23.60, 1664269778347
23.30, 1664269779905
23.50, 1664269781973
23.10, 1664269784067
23.50, 1664269785925
22.90, 1664269788560
23.00, 1664269790347
23.10, 1664269792426
23.40, 1664269794747
23.80, 1664269796487
23.60, 1664269798700
22.70, 1664269800367
23.40, 1664269802458
23.30, 1664269804610
23.70, 1664269806548
23.40, 1664269808549
23.20, 1664269810668
23.60, 1664269812783
23.10, 1664269814679
23.10, 1664269816850
23.30, 1664269819114
23.60, 1664269820850
23.20, 1664269822725
23.00, 1664269825263
22.70, 1664269826923
23.50, 1664269829057
22.90, 1664269830944
23.60, 1664269833123
23.10, 1664269834998
23.80, 1664269837116
23.70, 1664269839362
23.10, 1664269841307
23.20, 1664269843553
22.90, 1664269845124
23.20, 1664269847166
23.40, 1664269849289
23.70, 1664269851474
22.60, 1664269853839
23.00, 1664269855375
22.60, 1664269857539
23.10, 1664269859624
23.10, 1664269862160
22.50, 1664269863718
22.90, 1664269865881
22.90, 1664269870839
22.60, 1664269871192
23.20, 1664269876202
23.60, 1664269881932
23.00, 1664269882277
22.70, 1664269885002
23.10, 1664269886331
23.30, 1664269888305
22.70, 1664269891298
23.10, 1664269892407
23.60, 1664269894367
23.30, 1664269896417
22.90, 1664269898548
23.10, 1664269900385
23.30, 1664269902694
22.60, 1664269904735
23.10, 1664269906443
23.30, 1664269908640
22.50, 1664269910503
23.00, 1664269917897
23.20, 1664269918635
23.10, 1664269920708
23.40, 1664269922509
22.70, 1664269925357
22.80, 1664269926650
23.00, 1664269929003
23.20, 1664269930845
23.10, 1664269935838
22.90, 1664269936047
23.10, 1664269938118
23.20, 1664269940027
22.80, 1664269942506
23.00, 1664269949380
23.40, 1664269950083
22.80, 1664269952136
22.90, 1664269954463
22.60, 1664269958542
22.50, 1664269959179
22.80, 1664269960787
22.80, 1664269962958
23.50, 1664269964968
23.30, 1664269966967
22.30, 1664269968992
22.90, 1664269971950
23.20, 1664269973416
23.30, 1664269975546
22.90, 1664269983490
22.80, 1664269985001
22.80, 1664269987383
22.50, 1664269988958
22.40, 1664269991530
22.90, 1664269993472
22.50, 1664269995588
22.60, 1664269997494
22.40, 1664269999343
22.50, 1664270001186
22.80, 1664270003282
22.90, 1664270005699
23.00, 1664270007250
23.00, 1664270009352
22.40, 1664270011444
22.60, 1664270013678
23.10, 1664270015778
22.70, 1664270017722
23.10, 1664270019564
22.40, 1664270021602
23.40, 1664270023902
23.30, 1664270025735
23.00, 1664270027828
22.60, 1664270029984
22.70, 1664270031856
23.40, 1664270033889
22.80, 1664270036110
23.00, 1664270038088
22.80, 1664270045775
23.20, 1664270047565
23.00, 1664270049718
23.30, 1664270051474
23.10, 1664270053446
23.40, 1664270055435
23.20, 1664270057483
22.60, 1664270059535
22.70, 1664270066739
23.10, 1664270068913
23.10, 1664270070778
23.30, 1664270072904
23.10, 1664270074959
23.10, 1664270076833
23.20, 1664270079113
23.00, 1664270081064
22.80, 1664270083110
22.80, 1664270085465
22.80, 1664270087262
23.40, 1664270089048
22.70, 1664270091447
22.80, 1664270093526
22.50, 1664270095075
23.20, 1664270097178
22.90, 1664270099554
22.80, 1664270101326
22.30, 1664270103537
22.30, 1664270105419
23.00, 1664270107465
23.00, 1664270109564
22.30, 1664270111491
22.90, 1664270113543
22.60, 1664270115639
22.60, 1664270117767
22.50, 1664270119603
22.40, 1664270122091
22.70, 1664270123801
22.40, 1664270125885
22.70, 1664270128136
22.80, 1664270130182
22.80, 1664270132166
22.70, 1664270134437
22.60, 1664270138527
22.70, 1664270138679
23.40, 1664270141076
22.60, 1664270142960
23.40, 1664270144919
22.70, 1664270147067
22.50, 1664270149011
22.80, 1664270151061
22.50, 1664270152899
22.70, 1664270156073
22.30, 1664270157130
23.10, 1664270158995
22.80, 1664270161059
23.10, 1664270163502
23.40, 1664270168061
22.90, 1664270168514
22.60, 1664270170571
23.00, 1664270172549
23.00, 1664270174598
22.40, 1664270176538
22.70, 1664270178587
23.10, 1664270180687
22.80, 1664270182769
22.40, 1664270184985
23.20, 1664270186763
22.80, 1664270188662
22.90, 1664270190903
22.40, 1664270193013
23.00, 1664270198031
22.70, 1664270198531
23.00, 1664270200671
22.40, 1664270202398
22.50, 1664270204328
22.40, 1664270206386
22.70, 1664270208546
22.90, 1664270210384
22.60, 1664270212480
22.90, 1664270214724
22.70, 1664270216843
23.10, 1664270221782
22.80, 1664270222502
22.90, 1664270224650
22.40, 1664270226482
22.40, 1664270229311
22.90, 1664270230448
22.80, 1664270232559
22.90, 1664270234924
22.40, 1664270236469
22.60, 1664270238592
22.20, 1664270240563
22.70, 1664270242682
22.80, 1664270244586
22.80, 1664270247204
22.60, 1664270248597
22.90, 1664270250728
22.30, 1664270253131
22.40, 1664270254693
22.80, 1664270256771
22.30, 1664270258814
22.60, 1664270261415
22.50, 1664270262942
22.80, 1664270265612
22.80, 1664270267548
23.00, 1664270269165
22.30, 1664270271227
22.60, 1664270273100
22.50, 1664270280542
23.00, 1664270283209
22.10, 1664270284640
22.50, 1664270286791
23.00, 1664270288736
22.80, 1664270290786
23.20, 1664270292694
23.40, 1664270294971
22.70, 1664270296715
22.60, 1664270298916
22.80, 1664270301055
22.20, 1664270302805
23.00, 1664270305306
22.80, 1664270306957
22.30, 1664270309486
22.20, 1664270310896
22.60, 1664270313098
22.80, 1664270315537
22.80, 1664270317746
22.50, 1664270319284
22.70, 1664270321217
22.80, 1664270326528
22.10, 1664270326913
22.50, 1664270329477
22.40, 1664270331558
22.70, 1664270333269
22.90, 1664270335312
22.60, 1664270337482
22.10, 1664270339052
22.60, 1664270341074
22.80, 1664270343223
22.90, 1664270345699
22.70, 1664270347273
22.70, 1664270349324
22.30, 1664270351831
22.50, 1664270356401
22.40, 1664270357386
22.50, 1664270358959
22.10, 1664270361153
22.10, 1664270363521
22.70, 1664270365039
22.60, 1664270367645
22.40, 1664270369074
22.80, 1664270371177
22.70, 1664270373803
22.20, 1664270375470
23.10, 1664270377507
22.40, 1664270379640
22.30, 1664270381585
22.70, 1664270384269
22.50, 1664270385363
22.20, 1664270387725
22.30, 1664270389562
22.70, 1664270394358
22.70, 1664270394544
22.70, 1664270397246
23.10, 1664270399727
22.90, 1664270400931
22.60, 1664270402772
22.70, 1664270404651
22.60, 1664270407416
22.70, 1664270408653
22.60, 1664270410734
22.50, 1664270413557
22.80, 1664270414945
22.80, 1664270416805
22.50, 1664270419355
22.90, 1664270420998
22.40, 1664270423041
22.90, 1664270425191
22.60, 1664270427136
22.60, 1664270434336
22.20, 1664270435008
22.70, 1664270436875
22.90, 1664270439504
22.70, 1664270441364
23.10, 1664270443661
22.50, 1664270445202
22.80, 1664270447111
22.30, 1664270449180
22.90, 1664270451798
22.70, 1664270453190
22.60, 1664270455362
22.50, 1664270457918
22.60, 1664270459403
22.70, 1664270461656
22.30, 1664270463539
22.30, 1664270465832
23.00, 1664270467980
22.60, 1664270469824
22.80, 1664270472527
22.70, 1664270473581
23.10, 1664270475700
22.50, 1664270477815
22.70, 1664270479658
22.90, 1664270481851
22.80, 1664270484346
22.90, 1664270487226
22.70, 1664270488248
22.30, 1664270489888
22.70, 1664270492138
22.50, 1664270493981
22.60, 1664270498933
22.60, 1664270499319
22.60, 1664270501437
22.70, 1664270503261
23.00, 1664270505576
22.70, 1664270507217
22.40, 1664270509771
22.30, 1664270516922
22.40, 1664270517512
22.80, 1664270522405
22.90, 1664270522820
22.80, 1664270524717
22.60, 1664270526756
22.90, 1664270529102
23.00, 1664270530931
22.70, 1664270533074
22.80, 1664270535018
22.70, 1664270536961
22.50, 1664270539007
22.40, 1664270541018
23.10, 1664270543062
22.40, 1664270544942
22.60, 1664270547098
23.00, 1664270549202
22.60, 1664270551281
22.50, 1664270553429
22.60, 1664270555166
23.20, 1664270557342
22.60, 1664270559771
22.50, 1664270561407
22.80, 1664270563207
22.70, 1664270565380
22.50, 1664270567421
22.80, 1664270569607
22.80, 1664270571422
22.90, 1664270573904
22.30, 1664270575727
22.40, 1664270578077
22.70, 1664270579871
23.00, 1664270581759
23.00, 1664270583973
22.70, 1664270585803
22.70, 1664270588130
22.60, 1664270589956
22.70, 1664270592127
22.50, 1664270594160
22.50, 1664270596019
22.70, 1664270598678
22.80, 1664270600376
22.80, 1664270604978
22.60, 1664270605387
22.40, 1664270607330
22.40, 1664270609285
22.60, 1664270611486
22.60, 1664270613521
22.80, 1664270615294
22.60, 1664270617437
22.20, 1664270619558
23.00, 1664270621547
22.90, 1664270623593
22.40, 1664270625549
22.20, 1664270627712
22.80, 1664270629654
22.30, 1664270632097
22.70, 1664270633546
22.80, 1664270635652
22.60, 1664270638112
22.30, 1664270639722
22.80, 1664270641763
22.90, 1664270643814
22.50, 1664270645791
22.80, 1664270648468
22.50, 1664270650165
22.50, 1664270652314
22.30, 1664270653942
22.80, 1664270656292
22.70, 1664270658082
22.50, 1664270660944
22.80, 1664270662106
22.80, 1664270664145
22.10, 1664273084270
22.10, 1664273084682
21.60, 1664273086666
22.00, 1664273088529
21.90, 1664273090577
21.60, 1664273092693
21.70, 1664273094833
21.70, 1664273096671
22.10, 1664273098910
21.50, 1664273100751
22.00, 1664273102769
21.70, 1664273104948
22.00, 1664273107098
22.10, 1664273108940
21.70, 1664273110989
21.90, 1664273114029
22.00, 1664273114865
21.90, 1664273116875
21.30, 1664273119039
21.70, 1664273121141
21.80, 1664273122924
21.60, 1664273125896
21.90, 1664273127164
22.00, 1664273129111
22.00, 1664273131521
21.40, 1664273133679
21.90, 1664273135312
21.50, 1664273137330
22.00, 1664273139189
21.90, 1664273141611
22.00, 1664273143742
22.00, 1664273145201
21.90, 1664273147808
22.00, 1664273149654
21.50, 1664273151514
21.60, 1664273153543
21.80, 1664273155957
21.50, 1664273157530
22.00, 1664273159450
22.10, 1664273161506
21.90, 1664273164015
21.70, 1664273165728
22.10, 1664273167561
21.80, 1664273169859
21.70, 1664273171714
22.10, 1664273173845
22.00, 1664273175992
21.90, 1664273186263
21.70, 1664273188397
22.00, 1664273190203
21.90, 1664273192470
21.90, 1664273194646
22.00, 1664273197162
22.00, 1664273198586
21.90, 1664273200493
21.40, 1664273202315
21.60, 1664273204819
22.00, 1664273209630
22.00, 1664273210510
22.20, 1664273212172
22.00, 1664273213907
21.90, 1664273216391
22.00, 1664273221607
22.20, 1664273227491
21.70, 1664273228083
22.00, 1664273230545
22.10, 1664273232821
22.00, 1664273234798
22.00, 1664273236746
21.60, 1664273238522
21.80, 1664273313684
21.80, 1664273315577
21.80, 1664273317225
21.30, 1664273319316
21.80, 1664273320850
22.00, 1664273323002
22.00, 1664273325167
21.60, 1664273326958
21.50, 1664273329250
21.10, 1664273331052
22.00, 1664273333562
21.90, 1664273335147
21.90, 1664273337276
21.80, 1664273339250
22.00, 1664273341224
21.50, 1664273343225
21.90, 1664273345273
21.90, 1664273347208
21.90, 1664273349256
22.00, 1664273351572
21.90, 1664273353544
21.90, 1664273355594
21.80, 1664273358169
21.80, 1664273359567
21.90, 1664273361862
21.80, 1664273363703
21.80, 1664273367699
21.80, 1664273368155
21.60, 1664273370051
22.10, 1664273371994
21.90, 1664273375119
21.80, 1664273376141
21.90, 1664273378246
21.60, 1664273380117
22.00, 1664273382957
22.00, 1664273384265
21.90, 1664273386312
21.90, 1664273388565
21.60, 1664273390507
21.90, 1664273392731
21.70, 1664273394395
21.70, 1664273396447
22.00, 1664273398894
22.00, 1664273400391
21.80, 1664273402594
22.00, 1664273404472
21.90, 1664273407098
21.60, 1664273408506
21.30, 1664273410876
22.10, 1664273412713
22.10, 1664273414705
22.20, 1664273416845
22.00, 1664273418678
22.10, 1664273420870
22.10, 1664273423002
22.00, 1664273424759
22.00, 1664273426834
22.10, 1664273428997
22.10, 1664273430877
22.10, 1664273433486
22.20, 1664273435170
22.20, 1664273437409
22.00, 1664273439116
22.10, 1664273441163
22.10, 1664273443392
22.00, 1664273445198
21.90, 1664273447228
22.10, 1664273449737
22.10, 1664273451249
22.10, 1664273453629
22.10, 1664273455395
22.20, 1664273460545
22.20, 1664273460993
22.20, 1664273462768
22.20, 1664273464896
22.20, 1664273466987
22.30, 1664273468985
22.30, 1664273470861
22.30, 1664273473378
22.30, 1664273474875
22.30, 1664273480134
22.30, 1664273480527
22.30, 1664273482709
22.30, 1664273484861
22.40, 1664273486806
22.30, 1664273488640
22.30, 1664273490675
22.40, 1664273493159
22.40, 1664273494612
22.40, 1664273496750
22.40, 1664273501130
22.40, 1664273501436
22.40, 1664273503464
22.40, 1664273505430
22.40, 1664273507790
22.20, 1664273509488
22.10, 1664273511573
22.50, 1664273513631
22.00, 1664273515762
22.40, 1664273517605
22.50, 1664273519616
22.40, 1664273521532
22.30, 1664273524556
22.40, 1664273525655
22.30, 1664273527912
22.40, 1664273529647
22.40, 1664273532176
22.50, 1664273534022
22.70, 1664273535680
22.10, 1664273538130
22.40, 1664273539811
22.40, 1664273541961
22.40, 1664273544005
22.50, 1664273545781
22.40, 1664273547938
22.40, 1664273549989
22.40, 1664273551802
22.50, 1664273554233
22.50, 1664273555840
22.50, 1664273557883
22.50, 1664273560277
22.40, 1664273562497
22.30, 1664273563982
22.30, 1664273566110
22.70, 1664273568158
22.70, 1664273570211
22.30, 1664273572228
22.50, 1664273574314
22.50, 1664273576310
22.50, 1664273578375
22.50, 1664273580167
22.50, 1664273582186
22.50, 1664273585005
22.50, 1664273586490
22.50, 1664273588474
22.50, 1664273590488
22.50, 1664273592645
22.50, 1664273594345
22.50, 1664273596468
22.50, 1664273598633
22.50, 1664273600463
22.60, 1664273603107
22.60, 1664273604489
22.50, 1664273606499
22.50, 1664273609305
22.50, 1664273610530
22.60, 1664273612583
22.60, 1664273614600
22.60, 1664273616830
22.60, 1664273618707
22.60, 1664273620670
22.60, 1664273622800
22.60, 1664273624832
22.70, 1664273626985
22.70, 1664273629149
22.70, 1664273630897
22.70, 1664273632856
22.70, 1664273635507
22.70, 1664273637126
22.70, 1664273639071
22.70, 1664273641224
22.70, 1664273643145
22.70, 1664273645037
22.70, 1664273647074
22.70, 1664273649131
22.70, 1664273652314
22.70, 1664273653352
22.70, 1664273655262
22.70, 1664273657318
22.70, 1664273659213
22.60, 1664273661300
22.70, 1664273663451
22.70, 1664273665245
22.70, 1664273667259
22.70, 1664273669513
22.60, 1664273671458
22.70, 1664273673762
22.70, 1664273675444
22.70, 1664273677976
22.70, 1664273679458
22.70, 1664273681514
22.70, 1664273684057
22.70, 1664273685553
22.80, 1664273687605
22.80, 1664273690184
22.80, 1664273691716
22.80, 1664273694316
22.80, 1664273695839
22.90, 1664273697772
22.80, 1664273702979
22.90, 1664273703364
22.80, 1664273705865
22.80, 1664273707370
22.80, 1664273709416
22.80, 1664273711500
22.80, 1664273714467
22.80, 1664273715731
22.80, 1664273717478
22.80, 1664273719654
22.80, 1664273721646
22.70, 1664273723458
22.80, 1664273725732
23.00, 1664273727575
22.80, 1664273729542
22.70, 1664273731893
22.80, 1664273733780
22.70, 1664273736030
22.70, 1664273737767
22.70, 1664273740357
22.70, 1664273741860
22.70, 1664273743823
22.70, 1664273745894
22.80, 1664273748407
22.90, 1664273750070
23.10, 1664273761042
23.30, 1664273762711
26.30, 1664273766564
26.10, 1664273767021
26.90, 1664273770306
26.90, 1664273771075
27.70, 1664273772949
28.10, 1664273774982
28.50, 1664273777312
28.90, 1664273779323
29.20, 1664273781158
29.40, 1664273783306
29.70, 1664273785251
29.80, 1664273787541
30.00, 1664273789683
30.00, 1664273791367
30.10, 1664273793873
29.80, 1664273795369
29.90, 1664273797485
30.00, 1664273799430
30.50, 1664273802181
30.30, 1664273804065
30.10, 1664273806042
29.90, 1664273810053
30.70, 1664273810366
30.50, 1664273812643
30.10, 1664273814475
30.40, 1664273816383
29.80, 1664273821070
30.20, 1664273821690
29.70, 1664273829052
29.70, 1664273832281
29.50, 1664273832583
29.70, 1664273834702
29.20, 1664273836677
29.20, 1664273838587
29.60, 1664273841382
29.00, 1664273842763
29.70, 1664273845628
28.90, 1664273852294
29.00, 1664273853203
29.00, 1664273854558
28.70, 1664273856726
29.00, 1664273859403
28.40, 1664273863423
28.80, 1664273863787
28.50, 1664273866043
28.40, 1664273870906
28.20, 1664273871786
28.40, 1664273873807
28.40, 1664273878025
28.20, 1664273878768
28.10, 1664273880804
28.10, 1664273883598
28.00, 1664273884971
28.00, 1664273892497
28.00, 1664273893170
27.80, 1664273895522
27.50, 1664273897527
27.50, 1664273899175
27.70, 1664273901033
27.70, 1664273903061
27.90, 1664273905124
27.50, 1664273907311
27.40, 1664273909209
27.40, 1664273911682
27.20, 1664273914190
27.60, 1664273915629
27.70, 1664273917364
26.80, 1664273919664
27.40, 1664273921681
27.50, 1664273923417
26.80, 1664273925974
27.40, 1664273930991
26.70, 1664273936844
26.90, 1664273948375
26.20, 1664273950477
26.90, 1664273951908
26.90, 1664273952324
26.70, 1664273954385
27.10, 1664273956355
26.70, 1664273958528
26.40, 1664273961570
26.30, 1664273962778
26.10, 1664273964743
26.40, 1664273966810
26.20, 1664273968677
26.30, 1664273970647
26.40, 1664273983887
26.30, 1664273985823
26.30, 1664273986744
26.70, 1664273987462
26.40, 1664273989341
25.80, 1664273991629
25.60, 1664273993619
26.10, 1664273995436
26.20, 1664273997570
25.70, 1664273999458
26.50, 1664274002013
26.60, 1664274003629
26.00, 1664274005840
25.90, 1664274010282
25.90, 1664274010792
25.90, 1664274013012
25.80, 1664274019991
25.80, 1664274023475
25.80, 1664274023790
25.60, 1664274028839
25.70, 1664274032390
26.10, 1664274033127
23.60, 1664274466212
23.60, 1664274467951
23.70, 1664274469521
23.40, 1664274471383
23.80, 1664274487862
23.70, 1664274488886
23.70, 1664274490965
23.20, 1664274492919
23.30, 1664274494864
23.50, 1664274496874
23.50, 1664274498915
23.50, 1664274500893
23.40, 1664274502931
23.40, 1664274505471
23.50, 1664274508030
23.40, 1664274509250
23.60, 1664274511817
24.20, 1664274513344
24.80, 1664274515286
24.90, 1664274517776
25.40, 1664274520156
25.80, 1664274521935
26.30, 1664274523838
26.80, 1664274526240
27.30, 1664274528081
28.00, 1664274530333
28.50, 1664274537262
28.70, 1664274537574
29.80, 1664274539525
29.80, 1664274541767
30.10, 1664274543622
30.40, 1664274545723
30.80, 1664274548081
30.70, 1664274549875
30.10, 1664274551823
30.70, 1664274554117
30.80, 1664274556016
30.60, 1664274557993
30.70, 1664274559937
30.50, 1664274561794
30.40, 1664274564102
30.20, 1664274565978
30.30, 1664274568060
30.30, 1664274570111
30.30, 1664274572542
30.30, 1664274574342
30.20, 1664274576119
30.10, 1664274578159
30.10, 1664274580371
30.00, 1664274582280
29.90, 1664274586958
29.90, 1664274587615
29.80, 1664274589196
29.70, 1664274591610
29.50, 1664274593307
29.50, 1664274595498
29.40, 1664274597461
29.30, 1664274599678
29.20, 1664274601450
29.10, 1664274603991
29.00, 1664274605446
28.90, 1664274607459
28.80, 1664274609492
28.60, 1664274611611
28.50, 1664274613801
28.40, 1664274615605
28.20, 1664274617850
28.10, 1664274619768
28.00, 1664274621816
27.90, 1664274623901
27.70, 1664274625908
27.60, 1664274627923
27.40, 1664274629837
27.30, 1664274631875
27.20, 1664274633896
27.10, 1664274636108
27.00, 1664274638135
26.90, 1664274640336
26.80, 1664274642180
26.70, 1664274644429
26.60, 1664274646476
26.50, 1664274648421
26.40, 1664274650359
26.30, 1664274652408
26.30, 1664274654453
26.20, 1664274656987
26.10, 1664274658671
26.00, 1664274660562
26.00, 1664274662650
25.90, 1664274664691
25.80, 1664274666635
25.70, 1664274669093
25.70, 1664274670882
25.60, 1664274673581
25.60, 1664274674790
25.50, 1664274676775
25.40, 1664274678794
25.40, 1664274680977
25.30, 1664274682830
25.30, 1664274684952
25.20, 1664274687161
25.20, 1664274689046
25.10, 1664274691095
25.00, 1664274693466
25.00, 1664274694953
25.00, 1664274697015
25.00, 1664274699024
24.90, 1664274701484
24.50, 1664274703035
24.80, 1664274705097
24.70, 1664274707114
24.90, 1664274709360
24.80, 1664274711259
24.80, 1664274713299
24.50, 1664274715349
24.70, 1664274717681
24.50, 1664274719352
24.80, 1664274721340
24.70, 1664274723816
25.10, 1664274725374
24.50, 1664274727447
24.60, 1664274729509
24.70, 1664274731719
24.60, 1664274733765
24.60, 1664274735812
24.60, 1664274737883
24.60, 1664274739754
24.60, 1664274741786
24.60, 1664274743797
24.60, 1664274746233
24.60, 1664274747853
24.60, 1664274750464
24.60, 1664274752083
24.60, 1664274754129
24.60, 1664274756382
24.60, 1664274758465
24.60, 1664274760182
24.60, 1664274765351
24.60, 1664274765673
24.60, 1664274767816
24.60, 1664274769629
24.60, 1664274772080
24.60, 1664274773668
24.60, 1664274776229
24.70, 1664274777870
24.70, 1664274780018
24.70, 1664274782027
24.70, 1664274783851
24.70, 1664274785912
24.70, 1664274788214
24.80, 1664274790011
24.80, 1664274792486
24.80, 1664274793944
24.80, 1664274795955
24.80, 1664274799056
24.80, 1664274800487
24.90, 1664274803043
24.90, 1664274804169
24.80, 1664274806542
24.80, 1664274808292
24.80, 1664274810299
24.80, 1664274812198
24.80, 1664274814260
24.80, 1664274816739
24.70, 1664274818213
24.70, 1664274820646
24.70, 1664274822488
24.70, 1664274824532
24.70, 1664274826492
24.70, 1664274828527
24.70, 1664274830441
24.70, 1664274832408
24.60, 1664274834422
24.60, 1664274836587
24.60, 1664274838715
24.60, 1664274840528
24.60, 1664274842645
24.60, 1664274844693
24.60, 1664274846665
24.60, 1664274848785
24.60, 1664274850837
24.60, 1664274852905
24.60, 1664274854686
24.60, 1664274856672
24.50, 1664274859168
24.50, 1664274860758
24.50, 1664274862763
24.50, 1664274865094
24.50, 1664274867141
24.50, 1664274869047
24.50, 1664274870991
24.50, 1664274873405
24.50, 1664274875014
24.50, 1664274877048
24.50, 1664274879473
24.50, 1664274881193
24.50, 1664274883329
24.50, 1664274885105
24.50, 1664274887364
24.50, 1664274889309
24.50, 1664274891357
24.50, 1664274893406
24.50, 1664274895483
24.50, 1664274897491
24.50, 1664274899564
24.50, 1664274901457
24.50, 1664274903482
24.50, 1664274905673
24.50, 1664274907659
24.50, 1664274909673
24.50, 1664274911720
24.50, 1664274913725
24.50, 1664274915813
24.50, 1664274918017
24.50, 1664274919863
24.50, 1664274921968
24.50, 1664274923825
24.50, 1664274926280
24.40, 1664274927859
24.60, 1664274930163
24.60, 1664274932469
24.30, 1664274934232
24.20, 1664274936381
24.40, 1664274938226
24.60, 1664274940538
24.60, 1664274942654
24.50, 1664274944662
24.30, 1664274946406
24.40, 1664274948494
24.40, 1664274950681
24.50, 1664274952491
24.50, 1664274954464
24.40, 1664274956745
24.50, 1664274959101
24.50, 1664274960842
24.40, 1664274962788
24.50, 1664274964681
24.40, 1664274966754
24.40, 1664274968956
24.40, 1664274970749
24.40, 1664274972908
24.40, 1664274974983
24.40, 1664274976905
24.40, 1664274978852
24.40, 1664274981322
24.40, 1664274982945
24.40, 1664274984990
24.40, 1664274986858
24.40, 1664274989060
24.40, 1664274996182
24.40, 1664275001885
24.40, 1664275002591
24.40, 1664275004798
24.40, 1664275006580
24.30, 1664275008673
24.30, 1664275010533
24.30, 1664275017871
24.30, 1664275018396
24.30, 1664275020156
24.30, 1664275022442
24.30, 1664275024695
24.30, 1664275026436
24.30, 1664275028377
24.30, 1664275030629
24.30, 1664275032563
24.30, 1664275034395
24.30, 1664275036572
24.30, 1664275038386
24.30, 1664275040424
24.40, 1664275042503
24.40, 1664275044394
24.40, 1664275046491
24.20, 1664275054396
24.50, 1664275054818
24.30, 1664275056860
24.20, 1664275059381
24.20, 1664275060894
24.20, 1664275062987
24.20, 1664275064921
24.20, 1664275067099
24.20, 1664275069106
24.20, 1664275071152
24.20, 1664275073564
24.20, 1664275075583
24.20, 1664275077205
24.20, 1664275079095
24.20, 1664275081144
24.20, 1664275083964
24.20, 1664275085148
24.10, 1664275087196
24.20, 1664275089366
24.20, 1664275091413
24.20, 1664275093359
24.20, 1664275095715
24.20, 1664275097531
24.20, 1664275099422
24.20, 1664275101573
24.20, 1664275103388
24.20, 1664275105519
24.20, 1664275107676
24.20, 1664275109462
24.30, 1664275111511
24.30, 1664275113622
24.30, 1664275115668
24.30, 1664275117785
24.20, 1664275120010
24.20, 1664275122213
24.20, 1664275123668
24.20, 1664275125675
24.20, 1664275127765
24.20, 1664275130365
24.20, 1664275131758
24.20, 1664275133984
24.20, 1664275136033
24.20, 1664275138079
24.20, 1664275140162
24.20, 1664275142394
24.10, 1664275143933
24.10, 1664275146007
24.10, 1664275149105
24.10, 1664275151040
24.10, 1664275152046
24.10, 1664275154072
24.10, 1664275156538
24.10, 1664275158581
24.10, 1664275160171
24.10, 1664275162592
24.10, 1664275164536
24.00, 1664275166367
24.00, 1664275168855
24.00, 1664275171586
24.00, 1664275172654
24.00, 1664275174479
24.00, 1664275176618
24.00, 1664275178906
24.00, 1664275181016
24.00, 1664275183061
24.00, 1664275184838
23.90, 1664275199633
24.00, 1664275200807
23.90, 1664275203044
23.90, 1664275205166
24.00, 1664275207112
24.00, 1664275208889
23.90, 1664275211550
23.90, 1664275212957
23.90, 1664275228448
23.90, 1664275229050
23.90, 1664275232391
23.90, 1664275233019
23.90, 1664275235139
23.90, 1664275237089
23.90, 1664275244272
23.90, 1664275244609
23.90, 1664275246623
23.90, 1664275248650
23.90, 1664275251558
23.90, 1664275252699
23.90, 1664275255334
23.90, 1664275256811
23.90, 1664275258888
23.90, 1664275271646
23.90, 1664275272237
23.90, 1664275274491
23.90, 1664275276331
23.90, 1664275278073
23.90, 1664275280325
23.90, 1664275284991
23.90, 1664275285245
23.90, 1664275287480
23.90, 1664275289414
23.90, 1664275291476
23.90, 1664275293626
23.90, 1664275295365
23.90, 1664275297412
23.90, 1664275299884
23.90, 1664275301381
23.80, 1664275303554
23.80, 1664275305572
23.80, 1664275307727
23.80, 1664275309543
23.80, 1664275312077
23.80, 1664275313683
23.70, 1664275316146
23.80, 1664275317625
23.70, 1664275319823
23.70, 1664275321771
23.70, 1664275323802
23.70, 1664275325869
23.70, 1664275328260
23.70, 1664275330043
23.70, 1664275331933
23.70, 1664275333835
23.70, 1664275336607
23.60, 1664275343518
23.60, 1664275345919
23.60, 1664275347521
23.60, 1664275354944
23.60, 1664275358832
23.60, 1664275359121
23.50, 1664275361554
23.60, 1664275363217
23.50, 1664275365267
23.60, 1664275367307
23.50, 1664275369672
23.50, 1664275371198
23.50, 1664275373470
23.60, 1664275375294
23.50, 1664275377772
23.50, 1664275379869
23.50, 1664275381430
23.50, 1664275388901
23.60, 1664275389932
23.50, 1664275391358
23.50, 1664275393319
23.50, 1664275395880
23.50, 1664275397256
23.50, 1664275399325
23.50, 1664275401464
23.60, 1664275403878
23.50, 1664275405481
23.50, 1664275407462
23.60, 1664275409727
23.60, 1664275411927
23.50, 1664275413687
23.50, 1664275415848
23.50, 1664275417625
23.60, 1664275419833
23.60, 1664275422347
23.60, 1664275423775
23.60, 1664275426310
23.60, 1664275428031
23.60, 1664275429861
23.60, 1664275432145
23.60, 1664275434133
23.60, 1664275435977
23.60, 1664275438474
23.60, 1664275440034
23.60, 1664275442834
23.60, 1664275444123
23.60, 1664275446264
23.60, 1664275448398
23.60, 1664275450491
23.60, 1664275452452
23.60, 1664275454600
23.60, 1664275456490
23.60, 1664275461172
23.60, 1664275462041
23.60, 1664275463490
23.60, 1664275465415
23.60, 1664275467791
23.60, 1664275469497
23.60, 1664275471485
23.60, 1664275474249
23.70, 1664275475785
23.60, 1664275477934
23.60, 1664275480154
23.70, 1664275481891
23.70, 1664275484026
23.60, 1664275486055
23.60, 1664275498809
23.60, 1664275501063
23.60, 1664275502392
23.60, 1664275503005
23.60, 1664275504872
23.60, 1664275512227
